Face 1 (1, 2, 3)
vertex (0.5, -0.5, 0.5) (0.5, 0.5, 0.5) (-0.5, 0.5, 0.5) 
texture (0, 0) (1, 0) (1, 1) 

Face 2 (1, 3, 4)
vertex (0.5, -0.5, 0.5) (-0.5, 0.5, 0.5) (-0.5, -0.5, -0.5) 
texture (0, 0) (1, 1) (0, 1) 

Face 3 (4, 3, 7)
vertex (-0.5, -0.5, -0.5) (-0.5, 0.5, 0.5) (-0.5, 0.5, -0.5) 
texture (0, 0) (1, 0) (1, 1) 

Face 4 (5, 2, 1)
vertex (0.5, -0.5, -0.5) (0.5, 0.5, 0.5) (0.5, -0.5, 0.5) 
texture (0, 0) (1, 1) (0, 1) 

Face 5 (2, 6, 7)
vertex (0.5, 0.5, 0.5) (0.5, 0.5, -0.5) (-0.5, 0.5, -0.5) 
texture (0, 0) (1, 0) (1, 1) 

Face 6 (2, 7, 3)
vertex (0.5, 0.5, 0.5) (-0.5, 0.5, -0.5) (-0.5, 0.5, 0.5) 
texture (0, 0) (1, 1) (0, 1) 

Face 7 (5, 1, 4)
vertex (0.5, -0.5, -0.5) (0.5, -0.5, 0.5) (-0.5, -0.5, -0.5) 
texture (0, 0) (1, 0) (1, 1) 

